!Material
ResourceType: Material
Name: kamen51_gawa
Flags: Bit0, Bit1, Bit2, Bit5, Bit6, EnableLight2, CastShadow, HasAttributes, Bit17, HasDiffuseMap, HasSpecularMap, HasShadowMap
AmbientColor:
  X: 0.60000002384185791
  Y: 0.60000002384185791
  Z: 0.60000002384185791
  W: 1
DiffuseColor:
  X: 0.30000001192092896
  Y: 0.30000001192092896
  Z: 0.30000001192092896
  W: 1
SpecularColor: &o3
  X: 0
  Y: 0
  Z: 0
  W: 0
EmissiveColor:
  X: 0.89999997615814209
  Y: 0.89999997615814209
  Z: 0.89999997615814209
  W: 10
Field40: 1
Field44: 0.10000000149011612
DrawMethod: Opaque
Field49: 1
Field4A: 0
Field4B: 1
Field4C: 0
Field4D: 1
Field90: 0
Field92: 4
Field94: 2
Field96: 0
Field5C: 3
Field6C: 4177526328
Field70: 4177526328
DisableBackfaceCulling: 0
Field98: 4294967295
DiffuseMap: &o0 !TextureMap
  ResourceType: TextureMap
  Name: c0001_t01_kamen_low.dds
  Field44: 0
  Field48: 1
  Field49: 1
  Field4A: 0
  Field4B: 0
  Field4C: 1
  Field50: 0
  Field54: 0
  Field58: 0
  Field5C: 0
  Field60: 1
  Field64: 0
  Field68: 0
  Field6C: 0
  Field70: 0
  Field74: 0
  Field78: 0
  Field7C: 0
  Field80: 0
  Field84: 0
  Field88: 0
  Version: 17846384
NormalMap: 
SpecularMap: &o1 !TextureMap
  ResourceType: TextureMap
  Name: c0001_t01_kamen_low.dds
  Field44: 0
  Field48: 1
  Field49: 1
  Field4A: 0
  Field4B: 0
  Field4C: 1
  Field50: 0
  Field54: 0
  Field58: 0
  Field5C: 0
  Field60: 1
  Field64: 0
  Field68: 0
  Field6C: 0
  Field70: 0
  Field74: 0
  Field78: 0
  Field7C: 0
  Field80: 0
  Field84: 0
  Field88: 0
  Version: 17846384
ReflectionMap: 
HighlightMap: 
GlowMap: 
NightMap: 
DetailMap: 
ShadowMap: &o2 !TextureMap
  ResourceType: TextureMap
  Name: c0001_t01_kamen_low.dds
  Field44: 0
  Field48: 1
  Field49: 1
  Field4A: 0
  Field4B: 0
  Field4C: 1
  Field50: 0
  Field54: 0
  Field58: 0
  Field5C: 0
  Field60: 1
  Field64: 0
  Field68: 0
  Field6C: 0
  Field70: 0
  Field74: 0
  Field78: 0
  Field7C: 0
  Field80: 0
  Field84: 0
  Field88: 0
  Version: 17846384
TextureMaps:
- *o0
- 
- *o1
- 
- 
- 
- 
- 
- *o2
Attributes:
- !MaterialAttributeType1
  Field0C: 0
  InnerGlow:
    X: 0.23529410362243652
    Y: 0.59607851505279541
    Z: 1
    W: 1
  Field1C: 0.85000002384185791
  Field20: 2
  Field24: *o3
  Field34: 0
  Field38: 0
  Type1Flags: Bit1
  ResourceType: MaterialAttribute
  RawFlags: 65537
  Flags: Bit0
  AttributeType: Type1
  Version: 17846384
- !MaterialAttributeType2
  Field0C: 1
  Field10: 121
  ResourceType: MaterialAttribute
  RawFlags: 65538
  Flags: Bit0
  AttributeType: Type2
  Version: 17846384
IsPresetMaterial: true
Version: 17846384
